.shades 2
.saved 0
.global btns_pressed 1
.global can_pan 1
.global frame 1
.global offy 1
.global targety 1
.global tdir 1
.global tx 1
.global ty 1
.global btn_ticks 4
.global tiles 256

$PD_0:
  .b f 08 08 00 00 01 00 00 00 08 00 00 00 00 00 00 00
  .b f 08 00 00 00 00 00 00 00 08 00 00 00 00 00 00 00
  .b f 08 00 00 00 00 7f 11 11 22 22 11 1f 00 7f 11 22
  .b f 22 11 11 1e 00 7f 22 22 11 11 22 3e 00 7f 22 11
  .b f 11 22 22 1f 00 42 08 21 04 10 42 08 00 42 08 21
  .b f 04 10 42 08 00 42 08 21 04 10 42 08 00 42 08 21
  .b f 04 10 42 08 00 00 00 00 00 00 00 00 00 00 00 00
  .b f 00 00 00 00 00 00 00 00 00 00 00 00 00 00 00 00
  .b f 00 00 00 00 00 7f 66 33 19 33 66 7f 00 7f 33 19
  .b f 4c 19 33 7f 00 7f 19 4c 66 4c 19 7f 00 7f 4c 66
  .b f 33 66 4c 7f 00 63 77 5d 49 63 77 5d 00 49 63 77
  .b f 5d 49 63 77 00 5d 49 63 77 5d 49 63 00 77 5d 49
  .b f 63 77 5d 49 00 7f 19 33 66 33 19 7f 00 7f 4c 19
  .b f 33 19 4c 7f 00 7f 66 4c 19 4c 66 7f 00 7f 33 66
  .b f 4c 66 33 7f 00 49 5d 77 63 49 5d 77 00 63 49 5d
  .b f 77 63 49 5d 00 77 63 49 5d 77 63 49 00 5d 77 63
  .b f 49 5d 77 63 00 12 1f 50 41 41 22 1c 00 12 1f 50
  .b f 41 41 22 1c 00 1c 22 41 41 41 22 1c 00 1c 22 41
  .b f 41 41 22 1c 00 19 15 52 40 41 22 1c 00 19 15 52
  .b f 40 41 22 1c 00 1c 22 41 41 41 22 1c 00 1c 22 41
  .b f 41 41 22 1c 00 11 15 4a 40 41 22 1c 00 11 15 4a
  .b f 40 41 22 1c 00 1c 22 41 41 41 22 1c 00 1c 22 41
  .b f 41 41 22 1c 00 07 04 5f 40 41 22 1c 00 07 04 5f
  .b f 40 41 22 1c 00 1c 22 41 41 41 22 1c 00 1c 22 41
  .b f 41 41 22 1c 00 17 15 49 40 41 22 1c 00 17 15 49
  .b f 40 41 22 1c 00 1c 22 41 41 41 22 1c 00 1c 22 41
  .b f 41 41 22 1c 00 0e 15 48 41 41 22 1c 00 0e 15 48
  .b f 41 41 22 1c 00 1c 22 41 41 41 22 1c 00 1c 22 41
  .b f 41 41 22 1c 00 01 19 47 40 41 22 1c 00 01 19 47
  .b f 40 41 22 1c 00 1c 22 41 41 41 22 1c 00 1c 22 41
  .b f 41 41 22 1c 00 0a 15 4a 40 41 22 1c 00 0a 15 4a
  .b f 40 41 22 1c 00 1c 22 41 41 41 22 1c 00 1c 22 41
  .b f 41 41 22 1c 00 7f 7f 7f 7f 7f 7f 7f 00 7f 7f 7f
  .b f 7f 7b 7f 7f 00 7f 7f 7f 75 7b 75 7f 00 7f 7f 7f
  .b f 7f 7b 7f 7f 00 5b 7f 6e 3f 7f 7f 5e 00 5b 7f 6e
  .b f 3f 7b 7f 5e 00 5b 7f 6e 35 7b 75 5e 00 5b 7f 6e
  .b f 3f 7b 7f 5e 00 00 00 00 00 00 00 00 00 00 00 00
  .b f 00 00 00 00 00 00 00 00 00 00 00 00 00 00 00 00
  .b f 00 00 00 00 00 00 00 00 00 00 00 00 00 00 00 00
  .b f 00 00 00 00 00 00 00 00 00 00 00 00 00 00 00 00
  .b f 00 00 00 00 00 00 00 00 00 00 00 00 00 00 00 00
  .b f 00 00 00 00 00 00 00 00 00 00 00 00 00 00 00 00
  .b f 00 00 00 00 00 52 4a 29 25 14 52 4a 00 52 4a 29
  .b f 25 14 52 4a 00 29 25 14 52 4a 29 24 00 29 25 14
  .b f 52 4a 29 24 00 7f 41 55 41 55 41 7f 00 7f 41 55
  .b f 41 55 41 7f 00 7f 41 55 41 55 41 7f 00 7f 41 55
  .b f 41 55 41 7f 00 3e 49 49 7f 49 49 3e 00 3e 49 49
  .b f 7f 49 49 3e 00 3e 49 49 7f 49 49 3e 00 3e 49 49
  .b f 7f 49 49 3e 00 00 00 00 00 00 00 00 00 00 00 00
  .b f 00 00 00 00 00 00 00 00 00 00 00 00 00 00 00 00
  .b f 00 00 00 00 00 00 00 00 00 00 00 00 00 00 00 00
  .b f 00 00 00 00 00 00 00 00 00 00 00 00 00 00 00 00
  .b f 00 00 00 00 00 7f 63 41 41 41 63 7f 00 7f 6b 45
  .b f 43 41 63 7f 00 7f 63 51 49 45 63 7f 00 7f 63 41
  .b f 61 51 6b 7f 00 77 77 70 77 07 77 77 00 77 77 70
  .b f 77 07 77 77 00 77 77 70 77 07 77 77 00 77 77 70
  .b f 77 07 77 77 00 40 20 30 28 24 3e 01 00 40 20 30
  .b f 28 24 3e 01 00 40 20 30 28 24 3e 01 00 40 20 30
  .b f 28 24 3e 01 00 01 3e 24 28 30 20 40 00 01 3e 24
  .b f 28 30 20 40 00 01 3e 24 28 30 20 40 00 01 3e 24
  .b f 28 30 20 40 00 40 3e 12 0a 06 02 01 00 40 3e 12
  .b f 0a 06 02 01 00 40 3e 12 0a 06 02 01 00 40 3e 12
  .b f 0a 06 02 01 00 01 02 06 0a 12 3e 40 00 01 02 06
  .b f 0a 12 3e 40 00 01 02 06 0a 12 3e 40 00 01 02 06
  .b f 0a 12 3e 40 00 40 20 14 18 1c 02 01 00 40 20 14
  .b f 18 1c 02 01 00 40 20 14 18 1c 02 01 00 40 20 14
  .b f 18 1c 02 01 00 01 02 1c 18 14 20 40 00 01 02 1c
  .b f 18 14 20 40 00 01 02 1c 18 14 20 40 00 01 02 1c
  .b f 18 14 20 40 00 40 20 1c 0c 14 02 01 00 40 20 1c
  .b f 0c 14 02 01 00 40 20 1c 0c 14 02 01 00 40 20 1c
  .b f 0c 14 02 01 00 01 02 14 0c 1c 20 40 00 01 02 14
  .b f 0c 1c 20 40 00 01 02 14 0c 1c 20 40 00 01 02 14
  .b f 0c 1c 20 40 00 3e 40 54 5f 54 40 3e 00 3e 40 54
  .b f 5f 54 40 3e 00 3e 40 54 5f 54 40 3e 00 3e 40 54
  .b f 5f 54 40 3e 00 3e 41 5d 49 5d 49 08 00 3e 41 5d
  .b f 49 5d 49 08 00 3e 41 5d 49 5d 49 08 00 3e 41 5d
  .b f 49 5d 49 08 00 3e 01 15 7d 15 01 3e 00 3e 01 15
  .b f 7d 15 01 3e 00 3e 01 15 7d 15 01 3e 00 3e 01 15
  .b f 7d 15 01 3e 00 08 49 5d 49 5d 41 3e 00 08 49 5d
  .b f 49 5d 41 3e 00 08 49 5d 49 5d 41 3e 00 08 49 5d
  .b f 49 5d 41 3e 00 00 00 00 00 00 00 00 00 00 00 00
  .b f 00 00 00 00 00 00 00 00 00 00 00 00 00 00 00 00
  .b f 00 00 00 00 00 00 00 00 00 00 00 00 00 00 00 00
  .b f 00 00 00 00 00 00 00 00 00 00 00 00 00 00 00 00
  .b f 00 00 00 00 00 00 00 00 00 00 00 00 00 00 00 00
  .b f 00 00 00 00 00 00 00 00 00 00 00 00 00 00 00 00
  .b f 00 00 00 00 00 00 00 00 00 00 00 00 00 00 00 00
  .b f 00 00 00 00 00 00 00 00 00 00 00 00 00 00 00 00
  .b f 00 00 00 00 00 00 00 00 00 00 00 00 00 00 00 00
  .b f 00 00 00 00 00 00 00 00 00 00 00 00 00 00 00 00
  .b f 00 00 00 00 00 00 00 00 00 00 00 00 00 00 00 00
  .b f 00 00 00 00 00 00 00 00 00 00 00 00 00 00 00 00
  .b f 00 00 00 00 00 00 00 00 00 00 00 00 00 00 00 00
  .b f 00 00 00 00 00 00 00 00 00 00 00 00 00 00 00 00
  .b f 00 00 00 00 00 00 00 00 00 00 00 00 00 00 00 00
  .b f 00 00 00 00 00 00 00 00 00 00 00 00 00 00 00 00
  .b f 00 00 00 00 00 00 00 00 00 00 00 00 00 00 00 00
  .b f 00 00 00 00 00 00 00 00 00 00 00 00 00 00 00 00
  .b f 00 00 00 00 00 00 00 00 00 00 00 00 00 00 00 00
  .b f 00 00 00 00 00 00 00 00 00 00 00 00 00 00 00 00
  .b f 00 00 00 00 00 00 00 00 00 00 00 00 00 00 00 00
  .b f 00 00 00 00 00 00 00 00 00 00 00 00 00 00 00 00
  .b f 00 00 00 00 00 00 00 00 00 00 00 00 00 00 00 00
  .b f 00 00 00 00 00 00 00 00 00 00 00 00 00 00 00 00
  .b f 00 00 00 00 00 00 00 00 00 00 00 00 00 00 00 00
  .b f 00 00 00 00 00 00 00 00 00 00 00 00 00 00 00 00
  .b f 00 00 00 00 00 00 00 00 00 00 00 00 00 00 00 00
  .b f 00 00 00 00 00 00 00 00 00 00 00 00 00 00 00 00
  .b f 00 00 00 00 00 00 00 00 00 00 00 00 00 00 00 00
  .b f 00 00 00 00 00 00 00 00 00 00 00 00 00 00 00 00
  .b f 00 00 00 00 00 7f 32 2c 2f 2c 32 7f 00 41 7f 63
  .b f 5d 5d 6b 49 00 7f 26 1a 7a 1a 26 7f 00 49 6b 5d
  .b f 5d 63 7f 41 00 00 7e 09 09 09 7e 00 00 00 7f 49
  .b f 49 49 36 00 00 00 3e 41 41 41 22 00 00 00 7f 41
  .b f 41 41 3e 00 00 00 7f 49 49 41 41 00 00 00 7f 09
  .b f 09 01 01 00 00 00 3e 41 41 49 38 00 00 00 7f 08
  .b f 08 08 7f 00 00 00 00 41 7f 41 00 00 00 00 00 41
  .b f 41 3f 00 00 00 00 7f 08 14 22 41 00 00 00 7f 40
  .b f 40 40 40 00 00 00 7f 02 04 02 7f 00 00 00 7f 02
  .b f 04 08 7f 00 00 00 3e 41 41 41 3e 00 00 00 7f 09
  .b f 09 09 06 00 00 00 00 42 7f 40 00 00 00 00 62 51
  .b f 49 49 46 00 00 00 22 41 49 49 36 00 00 00 0e 08
  .b f 08 7f 08 00 00 00 27 49 49 49 31 00 00 00 3e 49
  .b f 49 49 30 00 00 00 01 01 61 19 07 00 00 00 36 49
  .b f 49 49 36 00 00 00 06 49 49 49 3e 00 00 02 7f 00
  .b f 3e 41 3e 00 00 00 02 7f 00 02 7f 00 00 02 7f 00
  .b f 62 51 4e 00 00 02 7f 00 41 49 36 00 00 02 7f 00
  .b f 0e 08 7f 00 00 02 7f 00 4f 49 31 00 00 02 7f 00
  .b 4 3e 49 30 00 00
$PD_1:
  .b f 42 6f 75 6e 64 61 72 69 65 73 20 66 6f 72 20 74
  .b 6 68 65 20 74 61 6e 6b
$PD_10:
  .b f 47 2d 4f 3a 20 53 6f 6c 69 64 20 26 20 63 72 79
  .b a 73 74 61 6c 20 62 6c 6f 63 6b 73
$PD_12:
  .b f 59 6f 75 20 6e 65 65 64 20 66 6f 75 72 20 6d 6f
  .b f 76 61 62 6c 65 20 62 6c 6f 63 6b 73 20 74 6f 20
  .b f 6d 61 6b 65 20 74 68 65 20 62 72 69 64 67 65 73
  .b f 2e 0a 0a 54 68 65 20 74 61 6e 6b 20 63 61 6e 27
  .b f 74 20 73 68 6f 6f 74 20 74 68 72 6f 75 67 68 20
  .b f 53 4f 4c 49 44 20 42 4c 4f 43 4b 2c 20 62 75 74
  .b f 20 69 74 20 63 61 6e 20 73 68 6f 6f 74 20 74 68
  .b f 72 6f 75 67 68 20 43 52 59 53 54 41 4c 20 42 4c
  .b f 4f 43 4b 2e 0a 0a 53 6f 2c 20 74 68 65 20 74 61
  .b f 6e 6b 20 73 68 6f 75 6c 64 20 73 68 6f 6f 74 20
  .b f 74 68 65 20 73 65 6c 65 63 74 65 64 20 6d 6f 76
  .b f 61 62 6c 65 20 62 6c 6f 63 6b 73 20 74 68 72 6f
  .b f 75 67 68 20 68 6f 6d 6f 67 65 6e 65 6f 75 73 20
  .b f 63 72 79 73 74 61 6c 20 62 6c 6f 63 6b 73 2e 0a
  .b f 0a 39 32 20 6d 6f 76 65 73 20 26 20 33 36 20 73
  .b 4 68 6f 74 73 2e
$PD_13:
  .b f 47 2d 4f 3a 20 4d 6f 76 61 62 6c 65 20 6d 69 72
  .b 3 72 6f 72 73
$PD_15:
  .b f 4d 6f 76 61 62 6c 65 20 6d 69 72 72 6f 72 20 63
  .b f 61 6e 20 62 65 20 75 73 65 64 20 74 6f 20 64 65
  .b f 66 6c 65 63 74 20 61 20 6c 61 73 65 72 20 73 68
  .b f 6f 74 20 39 30 b0 20 77 68 65 6e 20 66 69 72 65
  .b f 64 20 6f 6e 20 74 68 65 20 6d 69 72 72 6f 72 65
  .b f 64 20 73 75 72 66 61 63 65 2e 20 49 66 20 79 6f
  .b f 75 20 73 68 6f 6f 74 20 74 68 65 20 6d 69 72 72
  .b f 6f 72 20 62 61 73 65 2c 20 74 68 65 20 6d 69 72
  .b f 72 6f 72 20 77 69 6c 6c 20 6d 6f 76 65 2e 20 28
  .b f 54 77 6f 20 70 6f 73 73 69 62 6c 65 20 64 69 72
  .b f 65 63 74 69 6f 6e 73 2e 29 0a 0a 49 66 20 74 68
  .b f 65 20 6d 69 72 72 6f 72 20 69 73 20 70 75 73 68
  .b f 65 64 20 69 6e 74 6f 20 74 68 65 20 77 61 74 65
  .b f 72 2c 20 69 74 20 77 69 6c 6c 20 73 69 6e 6b 2e
  .b f 0a 0a 36 20 6d 6f 76 65 73 20 26 20 31 30 20 73
  .b 4 68 6f 74 73 2e
$PD_16:
  .b f 47 2d 4f 3a 20 52 6f 74 61 72 79 20 6d 69 72 72
  .b 2 6f 72 73
$PD_18:
  .b f 54 68 65 20 72 6f 74 61 72 79 20 6d 69 72 72 6f
  .b f 72 20 63 61 6e 20 62 65 20 75 73 65 64 20 74 6f
  .b f 20 64 65 66 6c 65 63 74 20 61 20 6c 61 73 65 72
  .b f 20 73 68 6f 74 20 39 30 b0 20 77 68 65 6e 20 66
  .b f 69 72 65 64 20 6f 6e 20 74 68 65 20 6d 69 72 72
  .b f 6f 72 65 64 20 73 75 72 66 61 63 65 2e 20 49 66
  .b f 20 79 6f 75 20 73 68 6f 6f 74 20 74 68 65 20 6d
  .b f 69 72 72 6f 72 20 62 61 73 65 20 28 74 68 65 20
  .b f 62 61 63 6b 73 69 64 65 29 2c 20 74 68 65 20 6d
  .b f 69 72 72 6f 72 20 77 69 6c 6c 20 72 6f 74 61 74
  .b f 65 20 39 30 b0 20 43 4c 4f 43 4b 57 49 53 45 2e
  .b f 0a 0a 54 68 65 20 72 6f 74 61 72 79 20 6d 69 72
  .b f 72 6f 72 20 63 61 6e 27 74 20 62 65 20 6d 6f 76
  .b f 65 64 20 6f 72 20 64 65 73 74 72 6f 79 65 64 2e
  .b f 0a 0a 35 34 20 6d 6f 76 65 73 20 26 20 31 35 20
  .b 5 73 68 6f 74 73 2e
$PD_19:
  .b f 43 6f 76 65 72 69 6e 67 20 74 68 65 20 61 6e 74
  .b 6 69 2d 74 61 6e 6b 73
$PD_2:
$PD_11:
$PD_14:
$PD_17:
$PD_20:
$PD_23:
$PD_26:
$PD_29:
$PD_32:
$PD_35:
$PD_38:
$PD_41:
$PD_44:
$PD_47:
$PD_5:
$PD_8:
  .b b 59 6f 6e 6f 20 69 6e 20 4a 6b 74 2e
$PD_21:
  .b f 49 66 20 74 68 65 20 74 61 6e 6b 20 6d 6f 76 65
  .b f 73 20 69 6e 20 66 72 6f 6e 74 20 6f 66 20 61 6e
  .b f 20 61 6e 74 69 2d 74 61 6e 6b 2c 20 69 74 20 77
  .b f 69 6c 6c 20 62 65 20 73 68 6f 74 2e 0a 0a 53 6f
  .b f 6c 69 64 2c 20 63 72 79 73 74 61 6c 2c 20 61 6e
  .b f 64 20 6d 6f 76 61 62 6c 65 20 62 6c 6f 63 6b 73
  .b f 20 63 61 6e 20 62 65 20 75 73 65 64 20 61 73 20
  .b f 63 6f 76 65 72 73 20 62 65 63 61 75 73 65 20 74
  .b f 68 65 20 61 6e 74 69 2d 74 61 6e 6b 20 63 61 6e
  .b f 27 74 20 73 65 65 20 74 68 72 6f 75 67 68 20 74
  .b f 68 6f 73 65 20 6f 62 6a 65 63 74 73 2e 0a 0a 28
  .b f 57 61 74 65 72 20 63 61 6e 27 74 20 63 6f 76 65
  .b f 72 2e 29 0a 0a 43 6c 69 63 6b 20 6f 6e 20 4d 31
  .b f 36 2c 20 61 6e 64 20 74 68 65 6e 20 4c 31 36 2e
  .b f 0a 0a 34 39 20 6d 6f 76 65 73 20 26 20 30 20 73
  .b 4 68 6f 74 73 2e
$PD_22:
  .b f 50 75 73 68 69 6e 67 20 74 68 65 20 61 6e 74 69
  .b 5 2d 74 61 6e 6b 73
$PD_24:
  .b f 49 66 20 74 68 65 20 74 61 6e 6b 20 6d 6f 76 65
  .b f 73 20 69 6e 20 66 72 6f 6e 74 20 6f 66 20 61 6e
  .b f 20 61 6e 74 69 2d 74 61 6e 6b 2c 20 69 74 20 77
  .b f 69 6c 6c 20 62 65 20 73 68 6f 74 2e 0a 0a 4f 74
  .b f 68 65 72 20 61 6e 74 69 2d 74 61 6e 6b 73 20 63
  .b f 61 6e 20 62 65 20 75 73 65 64 20 61 73 20 63 6f
  .b f 76 65 72 73 20 62 65 63 61 75 73 65 20 74 68 65
  .b f 20 61 6e 74 69 2d 74 61 6e 6b 20 63 61 6e 27 74
  .b f 20 73 65 65 20 74 68 72 6f 75 67 68 20 74 68 65
  .b f 6d 2e 0a 0a 49 66 20 79 6f 75 20 66 69 72 65 20
  .b f 61 74 20 6f 6e 65 20 6f 66 20 74 68 65 69 72 20
  .b f 73 69 64 65 73 2c 20 79 6f 75 20 63 61 6e 20 70
  .b f 75 73 68 20 74 68 65 6d 20 61 72 6f 75 6e 64 20
  .b f 65 76 65 6e 20 69 6e 74 6f 20 77 61 74 65 72 2e
  .b f 0a 0a 36 30 20 6d 6f 76 65 73 20 26 20 39 31 20
  .b 5 73 68 6f 74 73 2e
$PD_25:
  .b f 55 73 69 6e 67 20 6d 69 72 72 6f 72 73 20 74 6f
  .b b 20 64 65 73 74 72 6f 79 20 41 2d 54
$PD_27:
  .b f 49 66 20 74 68 65 20 74 61 6e 6b 20 73 68 6f 6f
  .b f 74 73 20 61 6e 20 41 2d 54 20 28 61 6e 74 69 2d
  .b f 74 61 6e 6b 29 20 69 6e 20 74 68 65 20 67 75 6e
  .b f 20 62 61 72 72 65 6c 20 77 69 74 68 6f 75 74 20
  .b f 74 68 65 20 41 2d 54 20 73 65 65 69 6e 67 20 74
  .b f 68 65 20 74 61 6e 6b 2c 20 74 68 65 20 41 2d 54
  .b f 20 77 69 6c 6c 20 62 65 20 64 65 73 74 72 6f 79
  .b f 65 64 2e 20 4f 6e 65 20 77 61 79 20 74 6f 20 64
  .b f 6f 20 74 68 69 73 20 69 73 20 75 73 69 6e 67 20
  .b f 6d 69 72 72 6f 72 73 2e 20 54 68 65 20 74 61 6e
  .b f 6b 20 73 68 6f 6f 74 73 20 74 68 65 20 6d 69 72
  .b f 72 6f 72 73 20 74 68 61 74 20 64 65 66 6c 65 63
  .b f 74 20 74 68 65 20 6c 61 73 65 72 20 74 6f 20 74
  .b f 68 65 20 41 2d 54 27 73 20 67 75 6e 20 62 61 72
  .b f 72 65 6c 2e 0a 0a 32 33 20 6d 6f 76 65 73 20 26
  .b 9 20 31 31 20 73 68 6f 74 73 2e
$PD_28:
  .b f 41 6e 74 69 2d 74 61 6e 6b 20 62 65 68 69 6e 64
  .b b 20 63 72 79 73 74 61 6c 20 62 6c 6b
$PD_3:
  .b f 4e 61 74 75 72 61 6c 6c 79 2c 20 74 68 65 20 74
  .b f 61 6e 6b 20 6d 6f 76 65 73 20 6f 6e 20 74 68 65
  .b f 20 67 72 6f 75 6e 64 2e 0a 49 74 20 63 61 6e 27
  .b f 74 20 73 77 69 6d 2e 0a 49 74 20 63 61 6e 27 74
  .b f 20 67 6f 20 74 68 72 6f 75 67 68 20 73 6f 6c 69
  .b f 64 20 6f 72 20 63 72 79 73 74 61 6c 20 62 6c 6f
  .b f 63 6b 2e 0a 0a 54 68 65 20 66 6c 61 67 20 69 73
  .b f 20 74 68 65 20 74 61 72 67 65 74 20 6f 66 20 74
  .b f 68 65 20 67 61 6d 65 2e 0a 43 6c 69 63 6b 20 28
  .b f 6c 65 66 74 20 62 75 74 74 6f 6e 20 6f 66 20 74
  .b f 68 65 20 6d 6f 75 73 65 29 20 6f 6e 20 74 68 65
  .b f 20 50 31 20 66 6c 61 67 2e 20 54 68 65 20 74 61
  .b f 6e 6b 20 77 69 6c 6c 20 72 65 61 63 68 20 74 68
  .b f 65 20 66 6c 61 67 2e 0a 59 6f 75 20 77 69 6e 2e
  .b f 0a 0a 33 30 20 6d 6f 76 65 73 20 26 20 30 20 73
  .b 3 68 6f 74 2e
$PD_30:
  .b f 43 52 59 53 54 41 4c 20 42 4c 4f 43 4b 20 63 61
  .b f 6e 27 74 20 62 65 20 64 65 73 74 72 6f 79 65 64
  .b f 20 6f 72 20 6d 6f 76 65 64 2e 20 54 68 65 20 74
  .b f 61 6e 6b 20 63 61 6e 20 73 68 6f 6f 74 20 74 68
  .b f 72 6f 75 67 68 20 69 74 2c 20 62 75 74 20 61 6e
  .b f 74 69 2d 74 61 6e 6b 73 20 63 61 6e 27 74 20 73
  .b f 65 65 20 74 68 65 20 74 61 6e 6b 20 74 68 72 6f
  .b f 75 67 68 20 69 74 2e 0a 0a 43 6c 69 63 6b 20 6f
  .b f 6e 20 4d 34 2e 0a 46 72 6f 6d 20 62 65 68 69 6e
  .b f 64 20 74 68 65 20 63 72 79 73 74 61 6c 20 62 6c
  .b f 6f 63 6b 73 2c 20 73 68 6f 6f 74 20 74 68 65 20
  .b f 66 6f 75 72 20 61 6e 74 69 2d 74 61 6e 6b 73 20
  .b f 6f 6e 65 20 61 74 20 61 20 74 69 6d 65 2e 0a 43
  .b f 6c 69 63 6b 20 6f 6e 20 4f 31 20 66 6c 61 67 2e
  .b f 0a 0a 33 37 20 6d 6f 76 65 73 20 26 20 34 20 73
  .b 4 68 6f 74 73 2e
$PD_31:
  .b a 47 2d 4f 3a 20 42 72 69 63 6b 73
$PD_33:
  .b f 42 72 69 63 6b 73 20 77 69 6c 6c 20 62 65 20 64
  .b f 65 73 74 72 6f 79 65 64 20 69 66 20 74 68 65 79
  .b f 20 61 72 65 20 68 69 74 20 77 69 74 68 20 6c 61
  .b f 73 65 72 20 62 65 61 6d 2e 0a 0a 54 6f 20 72 65
  .b f 61 63 68 20 74 68 65 20 66 6c 61 67 2c 20 79 6f
  .b f 75 72 20 74 61 6e 6b 20 6e 65 65 64 73 20 74 6f
  .b f 20 70 75 73 68 20 74 68 65 20 74 77 6f 20 6d 6f
  .b f 76 61 62 6c 65 20 62 6c 6f 63 6b 73 20 28 42 31
  .b f 35 20 61 6e 64 20 43 31 34 29 20 69 6e 74 6f 20
  .b f 74 68 65 20 77 61 74 65 72 2e 0a 42 75 74 3a 0a
  .b f 46 69 72 73 74 2c 20 74 68 65 20 74 61 6e 6b 20
  .b f 73 68 6f 75 6c 64 20 6d 61 6b 65 20 74 68 65 20
  .b f 70 61 74 68 20 62 79 20 64 65 73 74 72 6f 79 69
  .b f 6e 67 20 63 65 72 74 61 69 6e 20 62 72 69 63 6b
  .b f 73 2e 0a 0a 35 34 20 6d 6f 76 65 73 20 26 20 39
  .b 7 31 20 73 68 6f 74 73 2e
$PD_34:
  .b f 47 2d 4f 3a 20 54 61 6e 6b 20 6d 6f 76 65 72 73
$PD_36:
  .b f 54 4d 73 20 28 54 61 6e 6b 20 4d 6f 76 65 72 73
  .b f 29 20 77 69 6c 6c 20 71 75 69 63 6b 6c 79 20 6d
  .b f 6f 76 65 20 79 6f 75 72 20 74 61 6e 6b 20 66 72
  .b f 6f 6d 20 6f 6e 65 20 70 6c 61 63 65 20 74 6f 20
  .b f 61 6e 6f 74 68 65 72 2e 20 54 68 65 79 20 77 6f
  .b f 6e 27 74 20 6d 6f 76 65 20 62 6c 6f 63 6b 73 2c
  .b f 20 6d 69 72 72 6f 72 73 2c 20 61 6e 64 20 61 6e
  .b f 74 69 2d 74 61 6e 6b 73 2e 0a 0a 49 66 20 79 6f
  .b f 75 20 6e 65 65 64 20 74 6f 20 73 68 6f 6f 74 20
  .b f 6f 72 20 67 65 74 20 6f 66 66 20 69 6e 20 74 68
  .b f 65 20 6d 69 64 64 6c 65 20 6f 66 20 54 4d 73 2c
  .b f 20 70 75 73 68 20 61 20 62 6c 6f 63 6b 20 6f 6e
  .b f 74 6f 20 6f 6e 65 20 54 4d 20 74 6f 20 73 74 6f
  .b f 70 20 62 65 66 6f 72 65 20 79 6f 75 20 67 65 74
  .b f 20 6f 6e 20 69 74 2e 0a 0a 35 20 6d 6f 76 65 73
  .b 9 20 26 20 32 20 73 68 6f 74 73
$PD_37:
  .b 7 47 2d 4f 3a 20 49 63 65
$PD_39:
  .b f 41 6e 79 74 68 69 6e 67 20 74 68 61 74 20 63 61
  .b f 6e 20 6d 6f 76 65 20 28 69 6e 63 6c 75 64 69 6e
  .b f 67 20 74 68 65 20 74 61 6e 6b 29 20 77 69 6c 6c
  .b f 20 73 6c 69 64 65 20 61 63 72 6f 73 73 20 74 68
  .b f 65 20 73 6c 69 70 70 65 72 79 20 69 63 65 20 75
  .b f 6e 74 69 6c 20 69 74 20 68 69 74 73 20 61 6e 20
  .b f 6f 62 6a 65 63 74 2e 0a 0a 49 66 20 61 6e 20 61
  .b f 6e 74 69 2d 74 61 6e 6b 20 73 65 65 73 20 74 68
  .b f 65 20 74 61 6e 6b 20 69 73 20 53 4c 49 44 49 4e
  .b f 47 20 69 6e 20 66 72 6f 6e 74 20 6f 66 20 69 74
  .b f 2c 20 69 74 20 77 69 6c 6c 20 73 68 6f 6f 74 2e
  .b f 20 49 66 20 74 68 65 20 74 61 6e 6b 20 69 73 20
  .b f 74 6f 6f 20 66 61 72 2c 20 74 68 65 20 6c 61 73
  .b f 65 72 20 77 69 6c 6c 20 6d 69 73 73 2e 0a 0a 31
  .b f 34 20 6d 6f 76 65 73 20 26 20 32 20 73 68 6f 74
  .b 1 73 2e
$PD_4:
  .b f 47 2d 4f 3a 20 4d 6f 76 61 62 6c 65 20 62 6c 6f
  .b 2 63 6b 73
$PD_40:
  .b c 47 2d 4f 3a 20 54 68 69 6e 20 69 63 65
$PD_42:
  .b f 54 68 65 20 22 74 68 69 6e 20 69 63 65 22 20 69
  .b f 73 20 6a 75 73 74 20 6c 69 6b 65 20 22 69 63 65
  .b f 22 20 62 75 74 20 6f 6e 63 65 20 73 6f 6d 65 74
  .b f 68 69 6e 67 20 70 61 73 73 65 73 20 6f 76 65 72
  .b f 20 69 74 2c 20 69 74 20 77 69 6c 6c 20 74 75 72
  .b f 6e 20 69 6e 74 6f 20 77 61 74 65 72 2e 0a 0a 54
  .b f 68 65 20 74 61 6e 6b 20 74 6f 6f 2c 20 63 61 6e
  .b f 20 73 6c 69 64 65 20 6f 76 65 72 20 74 68 65 20
  .b f 74 68 69 6e 20 69 63 65 2e 20 48 6f 77 65 76 65
  .b f 72 2c 20 64 6f 6e 27 74 20 6c 65 74 20 69 74 20
  .b f 73 74 6f 70 20 6f 6e 20 74 68 69 6e 20 69 63 65
  .b f 20 62 65 63 61 75 73 65 20 69 74 20 77 69 6c 6c
  .b f 20 62 72 65 61 6b 20 74 68 65 20 74 68 69 6e 20
  .b f 69 63 65 20 61 6e 64 20 69 74 20 77 69 6c 6c 20
  .b f 73 69 6e 6b 2e 0a 0a 37 20 6d 6f 76 65 73 20 26
  .b 8 20 32 20 73 68 6f 74 73 2e
$PD_43:
  .b b 47 2d 4f 3a 20 54 75 6e 6e 65 6c 73
$PD_45:
  .b f 41 6e 79 20 6d 6f 76 61 62 6c 65 20 6f 62 6a 65
  .b f 63 74 20 28 69 6e 63 6c 75 64 69 6e 67 20 74 68
  .b f 65 20 74 61 6e 6b 29 20 74 68 61 74 20 65 6e 74
  .b f 65 72 73 20 61 20 74 75 6e 6e 65 6c 20 77 69 6c
  .b f 6c 20 65 78 69 74 20 74 68 65 20 6f 74 68 65 72
  .b f 20 74 75 6e 6e 65 6c 20 6f 66 20 74 68 65 20 73
  .b f 61 6d 65 20 63 6f 6c 6f 72 2c 20 69 66 20 61 6e
  .b f 79 2e 20 49 66 20 74 68 65 72 65 20 69 73 20 6e
  .b f 6f 20 6f 74 68 65 72 20 74 75 6e 6e 65 6c 20 6f
  .b f 66 20 6d 61 74 63 68 69 6e 67 20 63 6f 6c 6f 72
  .b f 2c 20 74 68 65 20 6f 62 6a 65 63 74 20 77 69 6c
  .b f 6c 20 76 61 6e 69 73 68 2e 0a 0a 54 68 65 72 65
  .b f 20 63 61 6e 20 62 65 20 75 70 20 74 6f 20 65 69
  .b f 67 68 74 20 64 69 66 66 65 72 65 6e 74 20 63 6f
  .b f 6c 6f 72 73 2e 0a 0a 32 33 20 6d 6f 76 65 73 20
  .b 9 26 20 33 20 73 68 6f 74 73 2e
$PD_46:
  .b f 4d 61 6e 79 20 73 61 6d 65 20 63 6f 6c 6f 72 20
  .b 6 74 75 6e 6e 65 6c 73
$PD_48:
  .b f 50 75 73 68 20 74 68 65 20 35 20 6f 62 6a 65 63
  .b f 74 73 20 69 6e 74 6f 20 74 68 65 20 65 6e 74 72
  .b f 79 20 74 75 6e 6e 65 6c 20 28 4d 31 33 29 2e 0a
  .b f 0a 45 78 69 74 20 74 75 6e 6e 65 6c 20 70 72 69
  .b f 6f 72 69 74 69 65 73 3a 20 53 74 61 72 74 69 6e
  .b f 67 20 66 72 6f 6d 20 74 68 65 20 31 73 74 20 72
  .b f 6f 77 20 28 68 69 67 68 65 73 74 29 20 74 6f 20
  .b f 74 68 65 20 31 36 74 68 20 72 6f 77 2e 20 49 6e
  .b f 20 74 68 65 20 73 61 6d 65 20 72 6f 77 3a 20 53
  .b f 74 61 72 74 69 6e 67 20 66 72 6f 6d 20 6c 65 66
  .b f 74 20 28 68 69 67 68 65 72 20 70 72 69 6f 72 69
  .b f 74 79 29 20 74 6f 20 74 68 65 20 72 69 67 68 74
  .b f 2e 0a 0a 45 78 69 74 20 6f 72 64 65 72 3a 20 43
  .b f 33 2c 20 47 33 2c 20 43 37 2c 20 47 37 2c 20 43
  .b f 31 36 2e 0a 0a 35 34 20 6d 6f 76 65 73 20 26 20
  .b 7 31 36 20 73 68 6f 74 73
$PD_6:
  .b f 4f 6e 6c 79 20 4f 32 20 66 6c 61 67 20 69 73 20
  .b f 72 65 61 63 68 61 62 6c 65 2e 0a 0a 54 68 65 72
  .b f 65 20 61 72 65 20 74 65 6e 20 6d 6f 76 61 62 6c
  .b f 65 20 62 6c 6f 63 6b 73 20 69 6e 20 74 68 65 20
  .b f 70 61 74 68 2e 20 54 6f 20 63 6c 65 61 72 20 74
  .b f 68 65 20 70 61 74 68 2c 20 79 6f 75 72 20 74 61
  .b f 6e 6b 20 6d 75 73 74 20 73 68 6f 6f 74 20 74 68
  .b f 65 20 62 6c 6f 63 6b 73 2e 20 28 55 73 65 20 22
  .b f 61 72 72 6f 77 22 20 6b 65 79 20 74 6f 20 61 69
  .b f 6d 2c 20 61 6e 64 20 74 68 65 6e 20 68 69 74 20
  .b f 74 68 65 20 22 73 70 61 63 65 20 62 61 72 22 20
  .b f 74 6f 20 73 68 6f 6f 74 2e 20 4f 72 3a 20 43 6c
  .b f 69 63 6b 20 5b 72 69 67 68 74 20 62 75 74 74 6f
  .b f 6e 5d 20 6f 6e 20 74 68 65 20 74 61 72 67 65 74
  .b f 2e 29 0a 0a 32 38 20 6d 6f 76 65 73 20 26 20 32
  .b 7 38 20 73 68 6f 74 73 2e
$PD_7:
  .b b 47 2d 4f 3a 20 42 72 69 64 67 65 73
$PD_9:
  .b f 49 66 20 61 20 6d 6f 76 61 62 6c 65 20 62 6c 6f
  .b f 63 6b 20 69 73 20 70 75 73 68 65 64 20 69 6e 74
  .b f 6f 20 77 61 74 65 72 2c 20 69 74 20 77 69 6c 6c
  .b f 20 66 6f 72 6d 20 61 20 62 72 69 64 67 65 2e 20
  .b f 41 20 62 72 69 64 67 65 20 61 63 74 73 20 6c 69
  .b f 6b 65 20 67 72 6f 75 6e 64 2e 0a 0a 54 68 65 72
  .b f 65 20 61 72 65 20 77 61 74 65 72 20 74 69 6c 65
  .b f 73 20 69 6e 20 74 68 65 20 74 61 6e 6b 27 73 20
  .b f 70 61 74 68 20 74 6f 20 74 68 65 20 66 6c 61 67
  .b f 2c 20 73 6f 20 79 6f 75 20 73 68 6f 75 6c 64 20
  .b f 6d 61 6b 65 20 74 68 65 20 62 72 69 64 67 65 73
  .b f 20 62 79 20 70 75 73 68 69 6e 67 20 74 68 65 20
  .b f 31 35 20 6d 6f 76 61 62 6c 65 20 62 6c 6f 63 6b
  .b f 73 20 69 6e 74 6f 20 74 68 65 20 77 61 74 65 72
  .b f 2e 0a 0a 37 39 20 6d 6f 76 65 73 20 26 20 32 39
  .b 6 20 73 68 6f 74 73 2e
LEVELS_TUTORIAL_BASIC:
  .b f 00 00 00 00 00 00 00 00 04 54 00 00 00 00 00 04
  .b f 00 00 00 00 00 00 00 00 00 54 00 54 54 54 54 54
  .b f 00 00 00 00 00 00 00 00 00 54 00 54 00 00 00 00
  .b f 00 00 00 00 00 00 00 00 00 54 00 54 00 00 00 00
  .b f 00 00 00 00 00 00 00 00 00 54 00 54 04 00 00 00
  .b f 00 00 00 00 00 00 00 00 00 54 00 68 00 00 00 00
  .b f 00 00 00 00 00 04 00 00 00 54 00 68 00 00 00 00
  .b f 00 00 00 00 68 68 68 68 68 54 00 68 00 00 00 00
  .b f 00 00 00 00 68 00 00 00 00 00 00 68 04 00 00 00
  .b f 00 00 00 00 68 00 58 58 68 68 68 68 00 00 00 00
  .b f 00 00 00 00 68 00 58 00 00 00 00 00 00 00 00 00
  .b f 00 00 00 00 58 00 58 00 00 00 00 00 00 00 00 00
  .b f 00 00 00 00 58 00 58 00 00 00 00 00 00 00 00 00
  .b f 04 00 00 00 58 00 58 00 00 00 00 00 00 00 00 00
  .b f 58 58 58 58 58 00 58 00 00 00 00 00 00 00 00 00
  .b f dc 00 00 00 00 00 58 04 00 00 00 00 00 00 00 00
  .rp $PD_1
  .b 2 17 00 00
  .rp $PD_2
  .b 2 0c 00 00
  .rp $PD_3
  .b f f4 00 00 00 00 00 00 00 00 00 00 00 00 00 00 00
  .b f 00 00 00 00 00 00 00 00 00 00 00 00 00 00 00 00
  .b f 00 58 58 04 58 00 00 00 00 00 00 00 00 00 00 00
  .b f 00 04 58 5c 58 00 00 00 00 00 00 00 00 00 00 00
  .b f 58 00 5c 00 00 00 00 00 00 00 00 00 00 00 58 00
  .b f 58 00 58 58 00 00 00 00 00 00 00 00 00 00 04 58
  .b f 58 5c 58 00 00 00 00 00 00 00 00 00 00 58 00 5c
  .b f 00 00 04 58 00 00 00 00 00 00 00 58 00 58 00 58
  .b f 58 58 00 00 00 00 00 00 00 00 00 04 58 58 5c 58
  .b f 00 00 00 00 00 00 00 00 00 00 58 00 5c 00 00 04
  .b f 58 00 00 00 00 00 00 00 58 00 58 00 58 58 58 00
  .b f 00 00 00 00 00 00 00 00 04 58 58 5c 58 00 00 00
  .b f 00 00 00 00 00 00 00 58 00 5c 00 00 04 58 00 00
  .b f 00 00 00 00 00 04 00 58 00 58 58 58 00 00 00 00
  .b f 00 00 00 00 00 58 58 58 5c 58 00 00 00 00 00 00
  .b f 00 00 00 00 00 dc 5c 00 00 04 58 04 00 00 00 00
  .b 4 00 00 00 00 00
  .rp $PD_4
  .b 2 13 00 00
  .rp $PD_5
  .b 2 0c 00 00
  .rp $PD_6
  .b f f8 00 00 00 00 54 54 54 54 54 dc 54 00 00 00 00
  .b f 58 04 58 58 00 54 54 54 54 54 5c 54 00 00 00 00
  .b f 58 54 5c 54 00 54 54 54 54 54 54 54 00 00 00 58
  .b f 58 00 58 58 00 54 54 54 54 54 5c 54 00 58 00 54
  .b f 5c 54 58 00 00 54 54 54 54 54 54 54 00 00 00 58
  .b f 58 00 58 58 00 54 54 54 54 54 5c 54 00 00 00 00
  .b f 58 54 5c 54 00 54 5c 54 00 5c 54 54 00 00 00 00
  .b f 58 00 58 58 00 5c 54 54 54 54 54 54 00 00 00 00
  .b f 00 00 00 00 00 54 54 54 54 54 54 54 58 58 58 58
  .b f 58 00 58 58 58 5c 54 54 54 54 54 54 58 54 5c 00
  .b f 00 54 58 00 00 00 54 54 54 54 54 54 58 00 58 58
  .b f 58 58 58 00 00 00 54 54 58 58 58 58 58 5c 58 00
  .b f 00 00 00 00 00 00 54 54 58 54 5c 00 00 54 58 00
  .b f 00 00 00 00 00 00 54 54 58 00 58 58 58 58 58 00
  .b f 00 00 00 00 00 00 58 58 58 5c 58 00 00 00 00 00
  .b f 00 00 00 00 00 54 5c 00 00 54 58 00 00 00 00 00
  .b 4 00 00 00 00 00
  .rp $PD_7
  .b 2 0c 00 00
  .rp $PD_8
  .b 2 0c 00 00
  .rp $PD_9
  .b f f7 00 00 00 00 00 58 58 58 04 54 58 00 00 00 00
  .b f 00 00 00 00 00 00 58 58 58 5c 54 58 00 58 58 58
  .b f 58 58 58 58 00 00 58 68 68 5c 00 58 00 54 00 00
  .b f 00 00 00 58 00 00 58 58 58 5c 00 58 00 54 00 00
  .b f 00 00 00 58 00 00 58 68 58 5c 00 58 00 54 00 00
  .b f 00 00 58 58 00 00 68 58 68 5c 00 58 00 54 00 00
  .b f 00 68 68 68 00 00 58 58 58 5c 00 58 00 54 00 00
  .b f 58 58 58 58 00 00 68 68 68 5c 00 58 58 54 00 00
  .b f 58 58 58 58 00 00 68 58 58 5c 00 58 00 54 00 00
  .b f 00 58 58 58 00 00 58 58 58 5c 00 58 00 54 00 00
  .b f 00 00 58 58 00 00 68 68 58 5c 00 58 00 54 00 00
  .b f 00 00 68 68 00 00 58 58 68 5c 00 58 00 54 00 00
  .b f 00 00 00 58 00 00 58 58 58 5c 00 00 00 54 00 00
  .b f 00 00 00 58 00 00 58 58 58 5c 5c 5c 5c 5c 5c 5c
  .b f 5c 5c 5c 58 00 00 58 58 58 58 68 58 58 58 68 58
  .b f 58 68 58 58 00 00 00 00 00 00 00 00 dc 00 00 00
  .b 4 00 00 00 00 00
  .rp $PD_10
  .b 2 1b 00 00
  .rp $PD_11
  .b 2 0c 00 00
  .rp $PD_12
  .b f f5 00 00 00 00 00 00 00 00 00 00 00 00 00 00 00
  .b f 00 00 00 00 00 00 00 00 00 00 00 00 00 00 00 00
  .b f 00 00 00 00 00 00 00 00 00 00 00 00 00 00 00 00
  .b f 00 00 00 00 00 00 00 00 00 78 00 00 00 00 7c 00
  .b f 00 00 00 00 00 00 00 00 00 78 00 00 00 00 54 70
  .b f 04 00 00 00 00 00 00 00 00 00 58 00 00 54 00 78
  .b f 54 00 00 00 00 00 00 00 00 00 00 00 54 54 54 54
  .b f 00 00 00 00 00 00 00 00 00 00 00 54 54 5c 00 54
  .b f 54 00 00 00 00 00 00 00 00 00 00 00 54 54 dc 54
  .b f 54 00 00 00 00 00 00 00 00 00 00 00 00 54 54 54
  .b f 00 00 00 00 00 00 00 00 00 00 00 00 00 00 54 00
  .b f 00 00 00 00 00 00 00 00 00 74 00 00 00 00 00 00
  .b f 00 00 00 00 00 00 00 00 00 74 00 00 00 00 70 00
  .b f 00 00 00 00 00 00 00 00 00 00 00 00 00 00 00 00
  .b f 00 00 00 00 00 00 00 00 00 00 00 00 00 00 00 00
  .b f 00 00 00 00 00 00 00 00 00 00 00 00 00 00 00 00
  .b 4 00 00 00 00 00
  .rp $PD_13
  .b 2 14 00 00
  .rp $PD_14
  .b 2 0c 00 00
  .rp $PD_15
  .b f f5 00 00 00 00 00 00 00 00 00 00 00 00 00 00 00
  .b f 00 00 00 00 00 00 00 00 00 00 00 00 00 00 00 00
  .b f 00 00 00 00 00 00 00 00 00 00 00 00 00 00 00 00
  .b f 00 00 00 00 00 00 00 00 00 00 00 00 00 00 00 00
  .b f 00 00 00 00 00 00 00 00 54 54 54 54 54 54 54 54
  .b f 54 54 00 00 00 00 00 00 54 54 54 54 54 54 54 04
  .b f 54 54 00 00 00 00 00 00 54 00 00 00 00 54 54 54
  .b f 54 54 00 00 00 00 00 00 54 00 54 54 54 54 54 54
  .b f 54 54 00 00 00 00 00 00 54 00 54 8c 8c 54 5c 00
  .b f 54 54 00 00 00 00 00 00 54 00 54 8c 8c 54 5c 00
  .b f 54 54 00 00 00 00 00 00 54 00 54 54 54 54 54 00
  .b f 54 54 00 00 00 00 00 00 54 00 00 00 00 00 00 dc
  .b f 54 54 00 00 00 00 00 00 54 54 54 54 54 54 54 54
  .b f 54 54 00 00 00 00 00 00 00 00 00 00 00 00 00 00
  .b f 00 00 00 00 00 00 00 00 00 00 00 00 00 00 00 00
  .b f 00 00 00 00 00 00 00 00 00 00 00 00 00 00 00 00
  .b 4 00 00 00 00 00
  .rp $PD_16
  .b 2 13 00 00
  .rp $PD_17
  .b 2 0c 00 00
  .rp $PD_18
  .b f f6 00 00 00 00 00 00 00 00 00 00 00 00 00 00 00
  .b f 00 00 00 00 00 00 58 58 9c 68 68 68 68 68 68 68
  .b f 68 68 68 68 00 00 58 58 9c 00 00 00 90 90 90 90
  .b f 68 68 68 68 00 00 58 58 9c 90 90 90 00 00 00 00
  .b f 90 90 90 90 00 00 58 58 9c 00 00 00 00 00 00 00
  .b f 00 94 00 5c 00 00 58 9c 00 00 00 00 00 00 00 00
  .b f 00 94 00 5c 00 00 58 9c 00 00 00 00 00 00 00 00
  .b f 00 94 00 5c 00 00 58 9c 00 00 00 00 00 00 00 00
  .b f 00 00 94 5c 00 00 58 9c 00 00 00 00 00 00 00 00
  .b f 00 00 94 5c 00 00 58 00 9c 00 00 00 00 00 00 00
  .b f 00 00 94 5c 00 00 58 00 9c 00 00 00 00 00 00 00
  .b f 00 00 94 5c 00 00 58 00 9c 00 00 00 00 00 00 00
  .b f 00 94 5c 5c 00 00 98 98 98 98 00 00 00 00 98 98
  .b f 98 94 5c 5c 00 00 54 54 54 54 98 98 98 98 00 00
  .b f 00 94 5c 5c 00 00 54 54 54 54 54 54 54 54 54 54
  .b f 54 94 5c 5c 00 dc 00 00 00 00 00 00 00 00 00 00
  .b 4 04 00 00 00 00
  .rp $PD_19
  .b 2 17 00 00
  .rp $PD_20
  .b 2 0c 00 00
  .rp $PD_21
  .b f f5 00 00 00 00 dc 00 00 00 00 00 00 00 00 00 00
  .b f 00 00 00 00 00 00 00 98 98 00 00 00 00 00 00 00
  .b f 00 00 00 00 00 00 94 00 00 00 00 00 00 00 00 00
  .b f 00 00 00 00 00 00 94 00 00 00 00 00 00 00 00 00
  .b f 00 00 00 00 00 00 00 00 00 00 00 00 00 00 00 00
  .b f 00 00 00 00 00 00 00 00 00 00 00 00 00 00 00 00
  .b f 00 00 00 00 00 00 00 00 00 00 00 00 00 00 00 00
  .b f 00 00 00 00 00 00 00 00 00 00 00 00 00 00 00 00
  .b f 00 00 00 00 00 00 00 00 00 00 00 00 00 00 00 00
  .b f 00 00 00 00 00 00 00 00 00 00 00 00 00 00 00 00
  .b f 00 00 00 00 00 00 00 00 00 00 00 00 00 00 00 00
  .b f 00 00 00 00 00 00 00 00 00 00 00 00 00 00 00 00
  .b f 00 00 00 9c 54 00 00 00 00 00 00 00 00 00 00 00
  .b f 00 00 54 9c 98 00 00 00 00 00 00 00 00 00 00 00
  .b f 00 00 00 00 04 00 00 00 00 00 00 00 00 58 94 00
  .b f 00 00 00 00 54 00 00 00 00 00 00 00 00 00 54 00
  .b 4 00 00 90 90 00
  .rp $PD_22
  .b 2 16 00 00
  .rp $PD_23
  .b 2 0c 00 00
  .rp $PD_24
  .b f f6 00 00 00 00 00 00 00 00 00 00 00 00 00 00 00
  .b f 00 00 00 00 00 00 00 00 00 00 00 00 00 00 00 00
  .b f 00 00 00 00 00 00 00 00 00 00 00 00 00 00 00 00
  .b f 00 00 00 00 00 00 00 00 00 00 00 00 00 00 00 00
  .b f 00 00 00 00 00 00 00 00 58 58 58 58 58 58 58 58
  .b f 58 00 00 00 00 00 00 00 58 88 80 8c 54 54 00 04
  .b f 58 00 00 00 00 00 00 00 58 54 8c 54 54 54 00 9c
  .b f 58 00 00 00 00 00 00 00 58 54 54 54 78 54 00 9c
  .b f 58 00 00 00 00 00 00 00 58 00 00 00 00 00 00 00
  .b f 58 00 00 00 00 00 00 00 58 00 00 00 90 58 00 00
  .b f 58 00 00 00 00 00 00 00 58 00 00 74 58 00 00 00
  .b f 58 00 00 00 00 00 00 00 58 00 dc 00 00 00 00 00
  .b f 58 00 00 00 00 00 00 00 58 58 58 58 58 58 58 58
  .b f 58 00 00 00 00 00 00 00 00 00 00 00 00 00 00 00
  .b f 00 00 00 00 00 00 00 00 00 00 00 00 00 00 00 00
  .b f 00 00 00 00 00 00 00 00 00 00 00 00 00 00 00 00
  .b 4 00 00 00 00 00
  .rp $PD_25
  .b 2 1c 00 00
  .rp $PD_26
  .b 2 0c 00 00
  .rp $PD_27
  .b f fa 00 00 00 00 00 00 00 00 00 00 00 00 00 00 00
  .b f 00 00 68 04 9c 00 00 00 00 00 00 00 00 00 00 00
  .b f 00 00 68 00 9c 00 00 00 00 00 00 00 00 00 00 00
  .b f 00 00 68 00 9c 00 00 00 00 00 00 00 00 00 00 00
  .b f 00 00 68 00 9c 00 00 00 00 00 00 00 00 00 00 00
  .b f 00 00 00 00 00 00 00 00 00 00 00 00 58 58 58 58
  .b f 58 00 00 00 00 00 00 00 00 00 00 00 5c 00 04 9c
  .b f 58 00 00 00 00 00 00 00 00 00 00 00 5c 5c 00 9c
  .b f 58 00 00 00 00 00 00 00 00 00 00 00 5c 68 00 9c
  .b f 58 00 00 00 00 00 00 00 00 00 00 00 5c 58 00 9c
  .b f 58 00 00 00 00 00 00 00 00 00 00 00 00 00 00 00
  .b f 58 00 00 00 00 00 58 58 58 58 58 00 00 00 00 00
  .b f 58 00 00 00 00 00 58 04 00 9c 58 00 00 00 00 00
  .b f 58 00 00 00 00 00 58 00 00 9c 58 00 00 00 00 00
  .b f 58 00 00 00 00 00 58 00 00 9c 58 00 00 00 00 00
  .b f 58 00 00 00 00 dc 00 00 00 00 58 00 00 00 00 00
  .b 4 58 00 00 00 00
  .rp $PD_28
  .b 2 1c 00 00
  .rp $PD_29
  .b 2 0c 00 00
  .rp $PD_30
  .b f f5 00 00 00 00 6c 6c 6c 6c 6c 6c 6c 6c 6c 6c 6c
  .b f 6c 6c 54 54 04 6c 6c 6c 6c 6c 6c 6c 6c 6c 6c 6c
  .b f 6c 6c 6c 54 54 6c 6c 6c 6c 6c 6c 6c 6c 6c 6c 6c
  .b f 6c 6c 6c 6c 54 6c 6c 6c 6c 6c 6c 90 90 90 90 90
  .b f 6c 6c 6c 6c 6c 6c 6c 6c 6c 6c 6c 6c 6c 6c 6c 6c
  .b f 6c 6c 6c 6c 6c 6c 6c 6c 6c 9c 6c 6c 6c 6c 6c 6c
  .b f 6c 94 6c 6c 6c 6c 6c 6c 6c 9c 6c 6c 6c 6c 6c 6c
  .b f 6c 94 6c 6c 6c 6c 6c 6c 6c 9c 6c 6c 6c 6c 6c 6c
  .b f 6c 94 6c 6c 6c 6c 6c 6c 6c 9c 6c 6c 6c 6c 6c 6c
  .b f 6c 94 6c 6c 6c 6c 6c 6c 6c 9c 6c 6c 6c 6c 6c 6c
  .b f 6c 94 6c 6c 6c 6c 6c 6c 6c 6c 6c 6c 6c 6c 6c 6c
  .b f 6c 6c 6c 6c 6c 6c 6c 6c 6c 6c 6c 98 98 98 98 98
  .b f 6c 6c 6c 6c 6c 6c 6c 6c 6c 6c 6c 6c 6c 6c 6c 6c
  .b f 6c 6c 6c 6c 6c 6c 6c 5c 6c 6c 6c 6c 6c 6c 6c 6c
  .b f 6c 6c 6c 6c 6c 6c 5c 6c 6c 6c 6c 6c 6c 6c 6c 6c
  .b f 6c 6c 6c 6c 6c dc 6c 6c 6c 6c 6c 6c 6c 6c 6c 6c
  .b 4 6c 6c 6c 6c 6c
  .rp $PD_31
  .b 2 0b 00 00
  .rp $PD_32
  .b 2 0c 00 00
  .rp $PD_33
  .b f f8 00 00 00 00 04 00 00 14 14 18 54 10 54 04 54
  .b f 14 14 14 18 54 54 00 00 10 04 18 04 10 04 54 54
  .b f 10 54 54 18 54 10 00 00 10 1c 1c 54 10 54 00 54
  .b f 10 54 18 1c 54 10 00 00 10 00 00 54 10 54 10 54
  .b f 10 54 18 54 54 10 00 00 10 00 00 54 10 54 10 54
  .b f 10 54 14 14 18 10 00 00 10 00 00 54 10 54 10 54
  .b f 10 54 54 54 18 10 00 00 10 00 00 54 10 54 10 54
  .b f 10 1c 1c 54 18 10 00 00 10 00 00 54 10 54 10 54
  .b f 54 54 10 54 18 10 1c 1c 00 14 18 54 10 1c 00 14
  .b f 18 54 10 54 18 94 00 00 10 00 18 54 54 54 10 54
  .b f 14 14 10 54 18 00 00 00 10 00 18 54 54 54 10 54
  .b f 54 54 54 54 18 00 00 00 10 00 10 54 54 14 10 54
  .b f 18 1c 1c 1c 1c 00 00 00 10 00 04 04 54 10 54 54
  .b f 18 54 54 54 54 00 00 00 10 00 00 18 54 10 54 54
  .b f 18 14 5c 54 18 00 00 00 10 1c 1c dc 14 10 54 5c
  .b f 18 54 54 54 18 00 00 00 00 00 00 54 54 54 54 54
  .b 4 54 54 54 54 04
  .rp $PD_34
  .b 2 10 00 00
  .rp $PD_35
  .b 2 0c 00 00
  .rp $PD_36
  .b f fa 00 00 00 00 94 40 40 40 40 40 40 40 40 40 40
  .b f 40 40 40 40 40 40 40 40 58 40 40 40 40 40 40 40
  .b f 40 40 40 40 40 40 40 40 58 40 40 40 40 40 40 40
  .b f 40 40 40 40 40 40 40 40 58 40 58 58 58 40 40 40
  .b f 40 68 40 40 40 40 40 40 58 40 58 40 40 40 40 40
  .b f 40 40 40 40 40 40 40 40 58 40 58 40 40 40 58 58
  .b f 58 40 40 40 40 40 40 40 40 40 58 40 40 40 58 40
  .b f 40 40 68 40 40 40 40 40 40 40 58 58 58 40 58 58
  .b f 40 40 40 dc 40 40 40 40 40 40 40 40 40 40 58 40
  .b f 40 40 40 40 40 90 40 40 40 40 40 40 40 40 58 58
  .b f 58 40 40 40 40 94 40 40 40 04 40 40 40 40 40 40
  .b f 40 40 40 40 40 94 40 40 40 40 40 40 54 40 54 40
  .b f 40 40 40 40 40 40 40 40 40 40 40 40 40 5c 40 40
  .b f 40 40 40 40 40 94 40 40 40 40 40 40 40 40 40 40
  .b f 40 40 40 40 40 94 54 00 40 40 40 40 5c 54 40 40
  .b f 40 40 40 40 40 94 40 40 40 40 40 40 40 40 40 40
  .b 4 40 40 40 40 90
  .rp $PD_37
  .b 2 08 00 00
  .rp $PD_38
  .b 2 0c 00 00
  .rp $PD_39
  .b f f2 00 00 00 00 44 44 44 44 44 44 44 44 44 44 44
  .b f 44 44 44 44 44 44 44 44 44 44 44 44 44 44 44 44
  .b f 44 44 44 44 44 44 44 44 dc 44 44 44 44 44 44 5c
  .b f 44 04 44 44 44 44 44 44 44 44 44 44 44 44 04 44
  .b f 44 44 44 44 44 44 44 44 44 44 44 44 44 44 44 44
  .b f 44 44 44 44 44 94 44 44 44 44 44 44 44 44 44 44
  .b f 44 44 44 44 44 44 44 44 44 44 44 44 44 44 44 44
  .b f 44 44 44 44 44 44 44 44 44 04 44 5c 00 44 44 44
  .b f 44 44 44 44 44 44 44 44 44 44 44 44 44 44 44 44
  .b f 44 44 44 44 44 44 44 44 44 44 44 44 44 44 44 44
  .b f 44 44 44 44 44 44 44 44 44 44 44 44 44 44 44 44
  .b f 44 44 44 44 9c 44 44 44 44 44 44 44 44 44 44 44
  .b f 44 44 44 44 44 44 44 44 44 44 5c 44 44 44 44 44
  .b f 44 44 44 44 44 44 44 44 00 44 00 44 00 44 44 44
  .b f 44 44 44 44 44 44 44 44 44 44 44 44 44 44 44 44
  .b f 44 44 44 44 44 44 44 44 44 44 44 44 44 44 44 44
  .b 4 44 44 44 44 44
  .rp $PD_40
  .b 2 0d 00 00
  .rp $PD_41
  .b 2 0c 00 00
  .rp $PD_42
  .b f f9 00 00 00 00 00 00 00 00 00 00 00 00 00 00 00
  .b f 00 00 00 00 00 00 00 00 00 00 58 58 58 58 58 58
  .b f 00 00 00 00 00 00 00 00 00 00 58 58 58 24 58 58
  .b f 00 00 00 00 00 00 00 00 00 00 58 58 58 5c 58 58
  .b f 00 00 00 00 00 00 00 00 00 00 58 58 58 68 58 58
  .b f 00 00 00 00 00 00 00 00 00 00 58 58 20 00 58 58
  .b f 00 00 00 00 00 00 00 00 00 00 58 58 58 58 58 58
  .b f 00 00 00 00 00 00 00 00 00 00 58 20 00 dc 00 58
  .b f 00 00 00 00 00 00 00 00 00 00 58 58 58 58 00 58
  .b f 00 00 00 00 00 00 00 00 00 00 58 00 00 00 00 58
  .b f 00 00 00 00 00 00 00 00 00 00 58 00 58 68 58 58
  .b f 00 00 00 00 00 00 00 00 00 00 58 00 58 24 58 58
  .b f 00 00 00 00 00 00 00 00 00 00 58 5c 00 54 00 58
  .b f 00 00 00 00 00 00 00 00 00 00 58 28 58 58 00 58
  .b f 00 00 00 00 00 00 00 00 00 00 58 04 00 00 00 58
  .b f 00 00 00 00 00 00 00 00 00 00 58 58 58 58 58 58
  .b 4 00 00 00 00 00
  .rp $PD_43
  .b 2 0c 00 00
  .rp $PD_44
  .b 2 0c 00 00
  .rp $PD_45
  .b f fa 00 00 00 00 58 58 58 18 1c 1c 1c 58 58 58 58
  .b f 58 58 58 58 58 58 58 98 18 58 14 10 58 58 58 58
  .b f 58 58 58 58 58 18 1c 20 18 58 10 20 9c 58 58 58
  .b f 58 58 58 58 58 18 10 1c 1c 58 10 1c 1c 1c 1c 1c
  .b f 44 1c 1c 1c 1c 18 58 58 58 58 58 58 58 58 58 58
  .b f 58 58 58 58 10 14 14 14 18 58 14 14 18 14 14 18
  .b f 58 58 58 58 10 58 94 20 18 58 10 20 14 10 58 18
  .b f 58 58 58 58 10 58 58 18 1c 58 10 90 58 58 18 1c
  .b f 58 58 58 58 10 58 58 14 14 14 10 58 58 18 1c 58
  .b f 58 58 58 58 10 58 58 58 58 58 58 58 18 1c 58 00
  .b f 00 00 00 00 00 58 58 58 58 58 58 58 18 58 00 00
  .b f 98 00 00 00 00 58 58 58 58 58 58 58 18 58 00 00
  .b f 58 00 58 9c 00 58 58 58 58 58 58 58 44 58 00 00
  .b f dc 20 00 00 00 58 18 1c 1c 58 58 58 18 58 00 94
  .b f 58 00 58 5c 00 58 18 98 10 58 58 58 18 58 00 00
  .b f 00 00 90 00 00 04 54 20 00 1c 1c 1c 1c 58 00 00
  .b 4 00 00 00 00 00
  .rp $PD_46
  .b 2 17 00 00
  .rp $PD_47
  .b 2 0c 00 00
  .rp $PD_48
  .b 4 f8 00 00 00 00

$globinit:
  .file <internal>.abc
  .line 1
  ret

loop:
  .file main.abc
  .line 82
  p0
  setg  btns_pressed 0
  .line 83
  p0
  p128
  sys   pressed
  p128
  .line 40
  dup2
  bnz   $L_loop_17
  .line 42
  push  12
  pushg btn_ticks 0
  dup6
  aixb1 4
  setr
  .line 43
  pop3
  jmp   $L_loop_19
$L_loop_17:
  .line 45
  pushg btn_ticks 0
  dup5
  aixb1 4
  getr
  bnz   $L_loop_18
  .line 47
  p4
  pushg btn_ticks 0
  dup6
  aixb1 4
  setr
  .line 48
  getg  btns_pressed 0
  dup2
  or
  setg  btns_pressed 0
$L_loop_18:
  .line 50
  pushg btn_ticks 0
  dup5
  aixb1 4
  dupw
  getr
  dec
  dupw2
  setr
  popn  5
$L_loop_19:
  .line 84
  p1
  p64
  sys   pressed
  p64
  .line 40
  dup2
  bnz   $L_loop_21
  .line 42
  push  12
  pushg btn_ticks 0
  dup6
  aixb1 4
  setr
  .line 43
  pop3
  jmp   $L_loop_23
$L_loop_21:
  .line 45
  pushg btn_ticks 0
  dup5
  aixb1 4
  getr
  bnz   $L_loop_22
  .line 47
  p4
  pushg btn_ticks 0
  dup6
  aixb1 4
  setr
  .line 48
  getg  btns_pressed 0
  dup2
  or
  setg  btns_pressed 0
$L_loop_22:
  .line 50
  pushg btn_ticks 0
  dup5
  aixb1 4
  dupw
  getr
  dec
  dupw2
  setr
  popn  5
$L_loop_23:
  .line 85
  p2
  p16
  sys   pressed
  p16
  .line 40
  dup2
  bnz   $L_loop_25
  .line 42
  push  12
  pushg btn_ticks 0
  dup6
  aixb1 4
  setr
  .line 43
  pop3
  jmp   $L_loop_27
$L_loop_25:
  .line 45
  pushg btn_ticks 0
  dup5
  aixb1 4
  getr
  bnz   $L_loop_26
  .line 47
  p4
  pushg btn_ticks 0
  dup6
  aixb1 4
  setr
  .line 48
  getg  btns_pressed 0
  dup2
  or
  setg  btns_pressed 0
$L_loop_26:
  .line 50
  pushg btn_ticks 0
  dup5
  aixb1 4
  dupw
  getr
  dec
  dupw2
  setr
  popn  5
$L_loop_27:
  .line 86
  p3
  p32
  sys   pressed
  p32
  .line 40
  dup2
  bnz   $L_loop_29
  .line 42
  push  12
  pushg btn_ticks 0
  dup6
  aixb1 4
  setr
  .line 43
  pop3
  jmp   $L_loop_31
$L_loop_29:
  .line 45
  pushg btn_ticks 0
  dup5
  aixb1 4
  getr
  bnz   $L_loop_30
  .line 47
  p4
  pushg btn_ticks 0
  dup6
  aixb1 4
  setr
  .line 48
  getg  btns_pressed 0
  dup2
  or
  setg  btns_pressed 0
$L_loop_30:
  .line 50
  pushg btn_ticks 0
  dup5
  aixb1 4
  dupw
  getr
  dec
  dupw2
  setr
  popn  5
$L_loop_31:
  .line 88
  p0
  p128
  .line 55
  dup
  sys   just_pressed
  bnzp  $L_loop_37
  getg  btns_pressed 0
  dup2
  and
  bool
$L_loop_37:
  setl  2
  pop
  .line 88
  bz    $L_loop_53
  .line 89
  push  255
  p00
  .line 60
  getg  tdir 0
  dup2
  sub
  bz    $L_loop_49
  .line 62
  dup
  setg  tdir 0
  .line 63
  pop3
  jmp   $L_loop_53
$L_loop_49:
  .line 66
  getg  tx 0
  dup3
  add
  .line 67
  getg  ty 0
  dup5
  add
  .line 68
  dup2
  p16
  cult
  bz    $L_loop_95
  dup
  p16
  cult
  bnz   $L_loop_51
$L_loop_95:
  .line 69
  popn  5
  jmp   $L_loop_53
$L_loop_51:
  .line 71
  dup
  p16
  mul
  dup3
  add
  .line 73
  pushg tiles 0
  dup3
  p0
  aidx  1 256
  getr
  push  80
  cult
  bnz   $L_loop_52
  .line 74
  popn  6
  jmp   $L_loop_53
$L_loop_52:
  .line 76
  dup3
  setg  tx 0
  .line 77
  dup2
  setg  ty 0
  .line 58
  popn  6
$L_loop_53:
  .line 90
  p0
  p64
  .line 55
  dup
  sys   just_pressed
  bnzp  $L_loop_40
  getg  btns_pressed 0
  dup2
  and
  bool
$L_loop_40:
  setl  2
  pop
  .line 90
  bz    $L_loop_59
  .line 91
  p0
  p1
  dup
  .line 60
  getg  tdir 0
  dup2
  sub
  bz    $L_loop_55
  .line 62
  dup
  setg  tdir 0
  .line 63
  pop3
  jmp   $L_loop_59
$L_loop_55:
  .line 66
  getg  tx 0
  dup3
  add
  .line 67
  getg  ty 0
  dup5
  add
  .line 68
  dup2
  p16
  cult
  bz    $L_loop_96
  dup
  p16
  cult
  bnz   $L_loop_57
$L_loop_96:
  .line 69
  popn  5
  jmp   $L_loop_59
$L_loop_57:
  .line 71
  dup
  p16
  mul
  dup3
  add
  .line 73
  pushg tiles 0
  dup3
  p0
  aidx  1 256
  getr
  push  80
  cult
  bnz   $L_loop_58
  .line 74
  popn  6
  jmp   $L_loop_59
$L_loop_58:
  .line 76
  dup3
  setg  tx 0
  .line 77
  dup2
  setg  ty 0
  .line 58
  popn  6
$L_loop_59:
  .line 92
  p0
  p16
  .line 55
  dup
  sys   just_pressed
  bnzp  $L_loop_43
  getg  btns_pressed 0
  dup2
  and
  bool
$L_loop_43:
  setl  2
  pop
  .line 92
  bz    $L_loop_65
  .line 93
  p1
  p0
  p2
  .line 60
  getg  tdir 0
  dup2
  sub
  bz    $L_loop_61
  .line 62
  dup
  setg  tdir 0
  .line 63
  pop3
  jmp   $L_loop_65
$L_loop_61:
  .line 66
  getg  tx 0
  dup3
  add
  .line 67
  getg  ty 0
  dup5
  add
  .line 68
  dup2
  p16
  cult
  bz    $L_loop_97
  dup
  p16
  cult
  bnz   $L_loop_63
$L_loop_97:
  .line 69
  popn  5
  jmp   $L_loop_65
$L_loop_63:
  .line 71
  dup
  p16
  mul
  dup3
  add
  .line 73
  pushg tiles 0
  dup3
  p0
  aidx  1 256
  getr
  push  80
  cult
  bnz   $L_loop_64
  .line 74
  popn  6
  jmp   $L_loop_65
$L_loop_64:
  .line 76
  dup3
  setg  tx 0
  .line 77
  dup2
  setg  ty 0
  .line 58
  popn  6
$L_loop_65:
  .line 94
  p0
  p32
  .line 55
  dup
  sys   just_pressed
  bnzp  $L_loop_46
  getg  btns_pressed 0
  dup2
  and
  bool
$L_loop_46:
  setl  2
  pop
  .line 94
  bz    $L_loop_71
  .line 95
  push3 261888
  .line 60
  getg  tdir 0
  dup2
  sub
  bz    $L_loop_67
  .line 62
  dup
  setg  tdir 0
  .line 63
  pop3
  jmp   $L_loop_71
$L_loop_67:
  .line 66
  getg  tx 0
  dup3
  add
  .line 67
  getg  ty 0
  dup5
  add
  .line 68
  dup2
  p16
  cult
  bz    $L_loop_98
  dup
  p16
  cult
  bnz   $L_loop_69
$L_loop_98:
  .line 69
  popn  5
  jmp   $L_loop_71
$L_loop_69:
  .line 71
  dup
  p16
  mul
  dup3
  add
  .line 73
  pushg tiles 0
  dup3
  p0
  aidx  1 256
  getr
  push  80
  cult
  bnz   $L_loop_70
  .line 74
  popn  6
  jmp   $L_loop_71
$L_loop_70:
  .line 76
  dup3
  setg  tx 0
  .line 77
  dup2
  setg  ty 0
  .line 58
  popn  6
$L_loop_71:
  .line 97
  p4
  sys   just_pressed
  bz    $L_loop_4
  .line 98
  p1
  setg  can_pan 0
$L_loop_4:
  .line 99
  getg  can_pan 0
  bz    $L_loop_8
  p4
  sys   pressed
  bz    $L_loop_8
  .line 102
  p128
  sys   pressed
  bz    $L_loop_6
  getg  targety 0
  p3
  sub
  setg  targety 0
$L_loop_6:
  .line 103
  p16
  sys   pressed
  bz    $L_loop_7
  getg  targety 0
  p3
  add
  setg  targety 0
$L_loop_7:
  .line 99
  jmp   $L_loop_9
$L_loop_8:
  .line 30
  getg  ty 0
  p0
  p8
  mul2b
  .line 31
  getg  tx 0
  p0
  p8
  mul2b
  .line 32
  dupw3
  p64
  sub2b
  p32
  add2b
  .line 33
  dupw5
  p8
  add2b
  p32
  sub2b
  .line 34
  getg  targety 0
  sext
  dupw5
  cslt2
  bz    $L_loop_33
  dup4
  setg  targety 0
$L_loop_33:
  .line 35
  dupw
  getg  targety 0
  sext
  cslt2
  bz    $L_loop_34
  dup2
  setg  targety 0
$L_loop_34:
  .line 27
  popn  8
$L_loop_9:
  .line 108
  getg  targety 0
  p0
  cslt
  bz    $L_loop_10
  p0
  setg  targety 0
$L_loop_10:
  .line 109
  p64
  getg  targety 0
  cslt
  bz    $L_loop_11
  p64
  setg  targety 0
$L_loop_11:
  .line 111
  getg  offy 0
  getg  targety 0
  cslt
  bz    $L_loop_12
  getg  offy 0
  getg  targety 0
  sext
  getg  offy 0
  sext
  sub2
  sext
  p3
  add3b
  sext
  p4
  p000
  div4
  pop3
  add
  setg  offy 0
$L_loop_12:
  .line 112
  getg  targety 0
  getg  offy 0
  cslt
  bz    $L_loop_13
  getg  offy 0
  getg  offy 0
  sext
  getg  targety 0
  sext
  sub2
  sext
  p3
  add3b
  sext
  p4
  p000
  div4
  pop3
  sub
  setg  offy 0
$L_loop_13:
  .line 11
  getg  frame 0
  p2
  lsr
  p3
  and
  .line 13
  p0
$L_loop_73:
  .line 15
  alloc 16
  pushg tiles 0
  getl  19
  p0
  p16
  mul2b
  add2
  p16
  p0
  refl  20
  p16
  p0
  sys   memcpy
  .line 16
  getl  17
  p0
  p8
  mul2b
  getg  offy 0
  sext
  sub2
  .line 17
  push2 65528
  dupw3
  cslt2
  bnz   $L_loop_74
  popn  18
  jmp   $L_loop_92
$L_loop_74:
  .line 18
  dupw
  p64
  p0
  cslt2
  bnz   $L_loop_75
  popn  18
  jmp   $L_loop_93
$L_loop_75:
  .line 21
  getl  18
  p0
  getl  22
  add2b
  p0
  p1
  p0
  dupw6
  p00
  sys   draw_sprite
  getl  17
  p0
  getl  22
  add2b
  p0
  p1
  p0
  dupw6
  p8
  p0
  sys   draw_sprite
  getl  16
  p0
  getl  22
  add2b
  p0
  p1
  p0
  dupw6
  p16
  p0
  sys   draw_sprite
  getl  15
  p0
  getl  22
  add2b
  p0
  p1
  p0
  dupw6
  push2 24
  sys   draw_sprite
  getl  14
  p0
  getl  22
  add2b
  p0
  p1
  p0
  dupw6
  p32
  p0
  sys   draw_sprite
  getl  13
  p0
  getl  22
  add2b
  p0
  p1
  p0
  dupw6
  push2 40
  sys   draw_sprite
  getl  12
  p0
  getl  22
  add2b
  p0
  p1
  p0
  dupw6
  push2 48
  sys   draw_sprite
  getl  11
  p0
  getl  22
  add2b
  p0
  p1
  p0
  dupw6
  push2 56
  sys   draw_sprite
  getl  10
  p0
  getl  22
  add2b
  p0
  p1
  p0
  dupw6
  p64
  p0
  sys   draw_sprite
  getl  9
  p0
  getl  22
  add2b
  p0
  p1
  p0
  dupw6
  push2 72
  sys   draw_sprite
  dup8
  p0
  getl  22
  add2b
  p0
  p1
  p0
  dupw6
  push2 80
  sys   draw_sprite
  dup7
  p0
  getl  22
  add2b
  p0
  p1
  p0
  dupw6
  push2 88
  sys   draw_sprite
  dup6
  p0
  getl  22
  add2b
  p0
  p1
  p0
  dupw6
  push2 96
  sys   draw_sprite
  dup5
  p0
  getl  22
  add2b
  p0
  p1
  p0
  dupw6
  push2 104
  sys   draw_sprite
  dup4
  p0
  getl  22
  add2b
  p0
  p1
  p0
  dupw6
  push2 112
  sys   draw_sprite
  dup3
  p0
  getl  22
  add2b
  p0
  p1
  p0
  dupw6
  push2 120
  sys   draw_sprite
  popn  18
$L_loop_92:
  .line 13
  inc
  dup
  p16
  cult
  bnz   $L_loop_73
$L_loop_93:
  pop
  .line 24
  push2 220
  getg  tdir 0
  add2b
  p0
  p1
  p0
  getg  ty 0
  p0
  p8
  mul2b
  getg  offy 0
  sext
  sub2
  getg  tx 0
  p0
  p8
  mul2b
  sys   draw_sprite
  .line 9
  pop
  .line 116
  getg  can_pan 0
  bz    $L_loop_15
  p4
  sys   pressed
  bz    $L_loop_15
  .line 118
  p0
  p64
  p3
  p00
  push2 125
  sys   draw_filled_rect
  .line 119
  p3
  p32
  p2
  getg  offy 0
  sext
  p2
  p0
  div2
  push2 126
  sys   draw_filled_rect
$L_loop_15:
  .line 122
  getg  frame 0
  inc
  setg  frame 0
  .line 123
  sys   display
  .line 80
  ret

main:
  .file main.abc
  .line 128
  push  30
  sys   set_frame_rate
  .line 130
  push3 6573
  .file level.abc
  .line 3
  dupw2
  p00
  p1
  p0
  pushg tiles 0
  p0
  p1
  sys   memcpy_P
  .line 4
  p0
  setg  tdir 0
  .line 5
  p00
$L_main_3:
  .line 6
  pushg tiles 0
  dupw3
  aidx  1 256
  getr
  push  220
  sub
  bnz   $L_main_4
  .line 8
  p0
  pushg tiles 0
  dupw4
  aidx  1 256
  setr
  .line 9
  dup2
  push  15
  and
  setg  tx 0
  .line 10
  dupw
  p4
  lsr2
  pop
  setg  ty 0
  .line 11
  jmp   $L_main_9
$L_main_4:
  .line 5
  p1
  add2b
  dupw
  p0
  p1
  cult2
  bz    $L_main_9
  .line 6
  pushg tiles 0
  dupw3
  aidx  1 256
  getr
  push  220
  sub
  bnz   $L_main_5
  .line 8
  p0
  pushg tiles 0
  dupw4
  aidx  1 256
  setr
  .line 9
  dup2
  push  15
  and
  setg  tx 0
  .line 10
  dupw
  p4
  lsr2
  pop
  setg  ty 0
  .line 11
  jmp   $L_main_9
$L_main_5:
  .line 5
  p1
  add2b
  dupw
  p0
  p1
  cult2
  bz    $L_main_9
  .line 6
  pushg tiles 0
  dupw3
  aidx  1 256
  getr
  push  220
  sub
  bnz   $L_main_6
  .line 8
  p0
  pushg tiles 0
  dupw4
  aidx  1 256
  setr
  .line 9
  dup2
  push  15
  and
  setg  tx 0
  .line 10
  dupw
  p4
  lsr2
  pop
  setg  ty 0
  .line 11
  jmp   $L_main_9
$L_main_6:
  .line 5
  p1
  add2b
  dupw
  p0
  p1
  cult2
  bz    $L_main_9
  .line 6
  pushg tiles 0
  dupw3
  aidx  1 256
  getr
  push  220
  sub
  bnz   $L_main_7
  .line 8
  p0
  pushg tiles 0
  dupw4
  aidx  1 256
  setr
  .line 9
  dup2
  push  15
  and
  setg  tx 0
  .line 10
  dupw
  p4
  lsr2
  pop
  setg  ty 0
  .line 11
  jmp   $L_main_9
$L_main_7:
  .line 5
  p1
  add2b
  dupw
  p0
  p1
  cult2
  bz    $L_main_9
  .line 6
  pushg tiles 0
  dupw3
  aidx  1 256
  getr
  push  220
  sub
  bnz   $L_main_8
  .line 8
  p0
  pushg tiles 0
  dupw4
  aidx  1 256
  setr
  .line 9
  dup2
  push  15
  and
  setg  tx 0
  .line 10
  dupw
  p4
  lsr2
  pop
  setg  ty 0
  .line 11
  jmp   $L_main_9
$L_main_8:
  .line 5
  p1
  add2b
  dupw
  p0
  p1
  cult2
  bnz   $L_main_3
$L_main_9:
  popn  5
  .file main.abc
$L_main_1:
  .line 134
  call  loop
  call  loop
  call  loop
  call  loop
  call  loop
  call  loop
  call  loop
  call  loop
  .line 132
  jmp   $L_main_1

